============== (0, 0, 0, 0, 0) ======================
============== (0, 0, 0, 0, 1) ======================
4 stride2  torch.Size([1, 3, 5, 5])
============== (0, 0, 0, 1, 0) ======================
3 stride1  torch.Size([1, 3, 9, 9])
============== (0, 0, 0, 1, 1) ======================
3 stride1  torch.Size([1, 3, 9, 9])
4 stride2  torch.Size([1, 3, 4, 4])
============== (0, 0, 1, 0, 0) ======================
2 stride2  torch.Size([1, 3, 10, 10])
============== (0, 0, 1, 0, 1) ======================
2 stride2  torch.Size([1, 3, 10, 10])
4 stride2  torch.Size([1, 3, 5, 5])
============== (0, 0, 1, 1, 0) ======================
2 stride2  torch.Size([1, 3, 10, 10])
3 stride1  torch.Size([1, 3, 9, 9])
============== (0, 0, 1, 1, 1) ======================
2 stride2  torch.Size([1, 3, 10, 10])
3 stride1  torch.Size([1, 3, 9, 9])
4 stride2  torch.Size([1, 3, 4, 4])
============== (0, 1, 0, 0, 0) ======================
1 stride1  torch.Size([1, 3, 19, 19])
============== (0, 1, 0, 0, 1) ======================
1 stride1  torch.Size([1, 3, 19, 19])
4 stride2  torch.Size([1, 3, 5, 5])
============== (0, 1, 0, 1, 0) ======================
1 stride1  torch.Size([1, 3, 19, 19])
3 stride1  torch.Size([1, 3, 9, 9])
============== (0, 1, 0, 1, 1) ======================
1 stride1  torch.Size([1, 3, 19, 19])
3 stride1  torch.Size([1, 3, 9, 9])
4 stride2  torch.Size([1, 3, 4, 4])
============== (0, 1, 1, 0, 0) ======================
1 stride1  torch.Size([1, 3, 19, 19])
2 stride2  torch.Size([1, 3, 9, 9])
============== (0, 1, 1, 0, 1) ======================
1 stride1  torch.Size([1, 3, 19, 19])
2 stride2  torch.Size([1, 3, 9, 9])
4 stride2  torch.Size([1, 3, 4, 4])
============== (0, 1, 1, 1, 0) ======================
1 stride1  torch.Size([1, 3, 19, 19])
2 stride2  torch.Size([1, 3, 9, 9])
3 stride1  torch.Size([1, 3, 8, 8])
============== (0, 1, 1, 1, 1) ======================
1 stride1  torch.Size([1, 3, 19, 19])
2 stride2  torch.Size([1, 3, 9, 9])
3 stride1  torch.Size([1, 3, 8, 8])
4 stride2  torch.Size([1, 3, 4, 4])
============== (1, 0, 0, 0, 0) ======================
============== (1, 0, 0, 0, 1) ======================
4 stride2  torch.Size([1, 3, 5, 5])
============== (1, 0, 0, 1, 0) ======================
3 stride1  torch.Size([1, 3, 9, 9])
============== (1, 0, 0, 1, 1) ======================
3 stride1  torch.Size([1, 3, 9, 9])
4 stride2  torch.Size([1, 3, 4, 4])
============== (1, 0, 1, 0, 0) ======================
2 stride2  torch.Size([1, 3, 10, 10])
============== (1, 0, 1, 0, 1) ======================
2 stride2  torch.Size([1, 3, 10, 10])
4 stride2  torch.Size([1, 3, 5, 5])
============== (1, 0, 1, 1, 0) ======================
2 stride2  torch.Size([1, 3, 10, 10])
3 stride1  torch.Size([1, 3, 9, 9])
============== (1, 0, 1, 1, 1) ======================
2 stride2  torch.Size([1, 3, 10, 10])
3 stride1  torch.Size([1, 3, 9, 9])
4 stride2  torch.Size([1, 3, 4, 4])
============== (1, 1, 0, 0, 0) ======================
1 stride1  torch.Size([1, 3, 19, 19])
============== (1, 1, 0, 0, 1) ======================
1 stride1  torch.Size([1, 3, 19, 19])
4 stride2  torch.Size([1, 3, 5, 5])
============== (1, 1, 0, 1, 0) ======================
1 stride1  torch.Size([1, 3, 19, 19])
3 stride1  torch.Size([1, 3, 9, 9])
============== (1, 1, 0, 1, 1) ======================
1 stride1  torch.Size([1, 3, 19, 19])
3 stride1  torch.Size([1, 3, 9, 9])
4 stride2  torch.Size([1, 3, 4, 4])
============== (1, 1, 1, 0, 0) ======================
1 stride1  torch.Size([1, 3, 19, 19])
2 stride2  torch.Size([1, 3, 9, 9])
============== (1, 1, 1, 0, 1) ======================
1 stride1  torch.Size([1, 3, 19, 19])
2 stride2  torch.Size([1, 3, 9, 9])
4 stride2  torch.Size([1, 3, 4, 4])
============== (1, 1, 1, 1, 0) ======================
1 stride1  torch.Size([1, 3, 19, 19])
2 stride2  torch.Size([1, 3, 9, 9])
3 stride1  torch.Size([1, 3, 8, 8])
============== (1, 1, 1, 1, 1) ======================
1 stride1  torch.Size([1, 3, 19, 19])
2 stride2  torch.Size([1, 3, 9, 9])
3 stride1  torch.Size([1, 3, 8, 8])
4 stride2  torch.Size([1, 3, 4, 4])
